Enzyme1,Enzyme2,Percent_Similarity
4,18,28.400597907324364
4,39,28.550074738415542
4,9,28.699551569506728
4,62,27.802690582959645
4,7,93.72197309417041
4,37,24.962630792227205
4,71,24.51420029895366
4,57,27.95216741405082
4,47,24.663677130044842
4,76,26.606875934230196
4,16,29.596412556053814
4,28,30.94170403587444
4,42,26.905829596412556
4,27,30.343796711509718
4,49,27.50373692077728
4,25,27.802690582959645
4,44,21.225710014947683
4,70,27.50373692077728
4,58,28.699551569506728
4,12,29.74588938714499
4,33,30.343796711509718
4,73,23.766816143497756
4,60,28.101644245142005
4,64,31.2406576980568
4,68,30.493273542600896
4,38,26.756352765321374
4,30,30.642750373692078
4,2,30.642750373692078
4,53,28.400597907324364
4,22,27.95216741405082
4,3,27.05530642750374
4,24,30.94170403587444
4,21,25.85949177877429
4,61,26.606875934230196
4,72,27.204783258594915
4,15,27.204783258594915
4,52,27.95216741405082
18,4,28.400597907324364
18,39,72.6457399103139
18,9,36.173393124065775
18,62,37.5186846038864
18,7,25.85949177877429
18,37,63.97608370702541
18,71,30.493273542600896
18,57,36.47234678624813
18,47,63.67713004484305
18,76,34.08071748878923
18,16,35.57548579970104
18,28,35.874439461883405
18,42,33.6322869955157
18,27,34.08071748878923
18,49,74.14050822122572
18,25,71.74887892376681
18,44,86.39760837070254
18,70,29.74588938714499
18,58,94.02092675635276
18,12,34.23019431988042
18,33,34.379671150971596
18,73,63.07922272047832
18,60,30.194319880418536
18,64,34.97757847533632
18,68,35.42600896860987
18,38,73.99103139013454
18,30,35.1270553064275
18,2,35.276532137518686
18,53,29.596412556053814
18,22,35.276532137518686
18,3,32.13751868460389
18,24,35.1270553064275
18,21,73.24364723467862
18,61,58.744394618834086
18,72,31.988041853512705
18,15,34.52914798206278
18,52,68.60986547085201
39,4,28.550074738415542
39,18,72.6457399103139
39,9,35.874439461883405
39,62,38.41554559043348
39,7,26.00896860986547
39,37,62.4813153961136
39,71,29.297458893871447
39,57,35.57548579970104
39,47,63.22869955156951
39,76,35.42600896860987
39,16,38.2660687593423
39,28,37.66816143497758
39,42,34.97757847533632
39,27,34.52914798206278
39,49,80.86696562032884
39,25,69.05829596412556
39,44,64.12556053811659
39,70,31.2406576980568
39,58,71.00149476831092
39,12,35.1270553064275
39,33,37.219730941704036
39,73,62.18236173393124
39,60,30.343796711509718
39,64,37.66816143497758
39,68,38.11659192825112
39,38,70.85201793721974
39,30,37.96711509715994
39,2,38.11659192825112
39,53,30.642750373692078
39,22,35.42600896860987
39,3,33.03437967115097
39,24,37.369207772795214
39,21,69.80568011958147
39,61,59.04334828101644
39,72,32.73542600896861
39,15,35.72496263079223
39,52,66.06875934230195
9,4,28.699551569506728
9,18,36.173393124065775
9,39,35.874439461883405
9,62,72.34678624813155
9,7,26.45739910313901
9,37,35.72496263079223
9,71,39.76083707025411
9,57,88.34080717488789
9,47,35.57548579970104
9,76,43.34828101644245
9,16,47.53363228699551
9,28,46.63677130044843
9,42,42.45142002989537
9,27,48.729446935724965
9,49,35.276532137518686
9,25,35.276532137518686
9,44,27.95216741405082
9,70,32.884902840059794
9,58,35.57548579970104
9,12,42.89985052316891
9,33,47.6831091180867
9,73,35.57548579970104
9,60,33.03437967115097
9,64,46.93572496263079
9,68,46.93572496263079
9,38,37.07025411061286
9,30,46.93572496263079
9,2,47.384155455904335
9,53,32.28699551569507
9,22,48.13153961136024
9,3,42.152466367713004
9,24,47.08520179372198
9,21,35.42600896860987
9,61,36.771300448430495
9,72,33.33333333333333
9,15,42.89985052316891
9,52,34.82810164424514
62,4,27.802690582959645
62,18,37.5186846038864
62,39,38.41554559043348
62,9,72.34678624813155
62,7,25.85949177877429
62,37,36.62182361733931
62,71,38.86397608370702
62,57,70.254110612855
62,47,36.771300448430495
62,76,43.19880418535127
62,16,47.832585949177876
62,28,47.23467862481316
62,42,44.843049327354265
62,27,47.384155455904335
62,49,38.11659192825112
62,25,37.96711509715994
62,44,29.446935724962632
62,70,33.18385650224215
62,58,36.771300448430495
62,12,43.04932735426009
62,33,48.13153961136024
62,73,35.1270553064275
62,60,32.884902840059794
62,64,47.832585949177876
62,68,48.57997010463378
62,38,37.5186846038864
62,30,48.13153961136024
62,2,48.4304932735426
62,53,32.884902840059794
62,22,46.63677130044843
62,3,42.00298953662182
62,24,47.08520179372198
62,21,36.62182361733931
62,61,36.92077727952167
62,72,34.08071748878923
62,15,44.843049327354265
62,52,35.72496263079223
7,4,93.72197309417041
7,18,25.85949177877429
7,39,26.00896860986547
7,9,26.45739910313901
7,62,25.85949177877429
7,37,22.57100149476831
7,71,23.766816143497756
7,57,25.56053811659193
7,47,22.421524663677133
7,76,24.364723467862483
7,16,27.802690582959645
7,28,28.84902840059791
7,42,25.26158445440957
7,27,28.251121076233183
7,49,25.26158445440957
7,25,25.56053811659193
7,44,20.92675635276532
7,70,25.710014947683106
7,58,26.00896860986547
7,12,27.802690582959645
7,33,28.550074738415542
7,73,21.37518684603886
7,60,26.15844544095665
7,64,29.297458893871447
7,68,28.550074738415542
7,38,24.2152466367713
7,30,28.699551569506728
7,2,28.699551569506728
7,53,26.00896860986547
7,22,26.00896860986547
7,3,25.112107623318387
7,24,29.14798206278027
7,21,25.112107623318387
7,61,24.51420029895366
7,72,24.962630792227205
7,15,25.56053811659193
7,52,25.56053811659193
37,4,24.962630792227205
37,18,63.97608370702541
37,39,62.4813153961136
37,9,35.72496263079223
37,62,36.62182361733931
37,7,22.57100149476831
37,71,31.09118086696562
37,57,36.02391629297459
37,47,81.31539611360239
37,76,34.23019431988042
37,16,37.07025411061286
37,28,36.02391629297459
37,42,32.28699551569507
37,27,35.42600896860987
37,49,63.82660687593423
37,25,62.03288490284006
37,44,56.80119581464873
37,70,30.94170403587444
37,58,63.97608370702541
37,12,34.379671150971596
37,33,35.874439461883405
37,73,83.40807174887892
37,60,30.04484304932735
37,64,36.771300448430495
37,68,37.369207772795214
37,38,65.6203288490284
37,30,37.219730941704036
37,2,36.92077727952167
37,53,30.04484304932735
37,22,35.72496263079223
37,3,33.18385650224215
37,24,36.771300448430495
37,21,61.88340807174888
37,61,72.6457399103139
37,72,31.09118086696562
37,15,33.78176382660688
37,52,62.18236173393124
71,4,24.51420029895366
71,18,30.493273542600896
71,39,29.297458893871447
71,9,39.76083707025411
71,62,38.86397608370702
71,7,23.766816143497756
71,37,31.09118086696562
71,57,38.41554559043348
71,47,30.194319880418536
71,76,40.20926756352765
71,16,39.01345291479821
71,28,36.771300448430495
71,42,36.32286995515695
71,27,37.66816143497758
71,49,29.14798206278027
71,25,29.74588938714499
71,44,27.95216741405082
71,70,26.45739910313901
71,58,30.493273542600896
71,12,43.946188340807176
71,33,38.86397608370702
71,73,31.2406576980568
71,60,27.204783258594915
71,64,39.46188340807175
71,68,38.86397608370702
71,38,30.792227204783256
71,30,39.162929745889386
71,2,39.162929745889386
71,53,25.710014947683106
71,22,38.56502242152467
71,3,41.70403587443946
71,24,39.31240657698057
71,21,30.194319880418536
71,61,31.53961136023916
71,72,26.905829596412556
71,15,36.62182361733931
71,52,29.74588938714499
57,4,27.95216741405082
57,18,36.47234678624813
57,39,35.57548579970104
57,9,88.34080717488789
57,62,70.254110612855
57,7,25.56053811659193
57,37,36.02391629297459
57,71,38.41554559043348
57,47,35.57548579970104
57,76,43.49775784753363
57,16,46.63677130044843
57,28,45.73991031390135
57,42,42.600896860986545
57,27,47.53363228699551
57,49,35.276532137518686
57,25,35.57548579970104
57,44,28.101644245142005
57,70,32.436472346786246
57,58,35.72496263079223
57,12,42.600896860986545
57,33,47.23467862481316
57,73,35.42600896860987
57,60,32.585949177877424
57,64,46.78624813153961
57,68,46.18834080717489
57,38,36.92077727952167
57,30,46.038863976083704
57,2,46.48729446935725
57,53,32.436472346786246
57,22,47.08520179372198
57,3,41.4050822122571
57,24,47.08520179372198
57,21,34.97757847533632
57,61,36.62182361733931
57,72,33.18385650224215
57,15,42.89985052316891
57,52,34.97757847533632
47,4,24.663677130044842
47,18,63.67713004484305
47,39,63.22869955156951
47,9,35.57548579970104
47,62,36.771300448430495
47,7,22.421524663677133
47,37,81.31539611360239
47,71,30.194319880418536
47,57,35.57548579970104
47,76,33.6322869955157
47,16,38.86397608370702
47,28,37.219730941704036
47,42,34.08071748878923
47,27,35.874439461883405
47,49,63.52765321375187
47,25,63.97608370702541
47,44,56.20328849028401
47,70,31.53961136023916
47,58,62.92974588938714
47,12,34.08071748878923
47,33,37.369207772795214
47,73,84.90284005979073
47,60,30.493273542600896
47,64,38.11659192825112
47,68,37.81763826606876
47,38,65.76980568011959
47,30,38.2660687593423
47,2,37.81763826606876
47,53,29.895366218236173
47,22,34.97757847533632
47,3,33.33333333333333
47,24,37.96711509715994
47,21,61.285500747384155
47,61,76.98056801195816
47,72,31.2406576980568
47,15,35.42600896860987
47,52,62.63079222720478
76,4,26.606875934230196
76,18,34.08071748878923
76,39,35.42600896860987
76,9,43.34828101644245
76,62,43.19880418535127
76,7,24.364723467862483
76,37,34.23019431988042
76,71,40.20926756352765
76,57,43.49775784753363
76,47,33.6322869955157
76,16,39.91031390134529
76,28,37.369207772795214
76,42,56.20328849028401
76,27,40.35874439461883
76,49,33.931240657698055
76,25,33.78176382660688
76,44,27.204783258594915
76,70,30.194319880418536
76,58,34.52914798206278
76,12,40.95665171898356
76,33,40.50822122571002
76,73,34.97757847533632
76,60,30.04484304932735
76,64,40.35874439461883
76,68,40.35874439461883
76,38,34.52914798206278
76,30,40.35874439461883
76,2,40.059790732436475
76,53,29.297458893871447
76,22,40.80717488789238
76,3,39.162929745889386
76,24,41.4050822122571
76,21,34.08071748878923
76,61,35.42600896860987
76,72,31.09118086696562
76,15,56.65171898355755
76,52,34.52914798206278
16,4,29.596412556053814
16,18,35.57548579970104
16,39,38.2660687593423
16,9,47.53363228699551
16,62,47.832585949177876
16,7,27.802690582959645
16,37,37.07025411061286
16,71,39.01345291479821
16,57,46.63677130044843
16,47,38.86397608370702
16,76,39.91031390134529
16,28,64.42451420029896
16,42,41.106128550074736
16,27,50.224215246636774
16,49,38.714499252615845
16,25,37.219730941704036
16,44,27.50373692077728
16,70,35.57548579970104
16,58,34.82810164424514
16,12,42.30194319880419
16,33,69.80568011958147
16,73,37.369207772795214
16,60,34.67862481315397
16,64,82.95964125560538
16,68,84.00597907324364
16,38,37.07025411061286
16,30,85.79970104633782
16,2,85.35127055306427
16,53,34.379671150971596
16,22,48.729446935724965
16,3,42.45142002989537
16,24,79.82062780269058
16,21,35.276532137518686
16,61,37.66816143497758
16,72,34.23019431988042
16,15,41.4050822122571
16,52,36.173393124065775
28,4,30.94170403587444
28,18,35.874439461883405
28,39,37.66816143497758
28,9,46.63677130044843
28,62,47.23467862481316
28,7,28.84902840059791
28,37,36.02391629297459
28,71,36.771300448430495
28,57,45.73991031390135
28,47,37.219730941704036
28,76,37.369207772795214
28,16,64.42451420029896
28,42,41.85351270553064
28,27,48.729446935724965
28,49,38.11659192825112
28,25,36.771300448430495
28,44,28.101644245142005
28,70,34.52914798206278
28,58,35.42600896860987
28,12,41.25560538116592
28,33,60.53811659192825
28,73,35.276532137518686
28,60,34.23019431988042
28,64,65.17189835575485
28,68,64.12556053811659
28,38,37.81763826606876
28,30,63.67713004484305
28,2,63.82660687593423
28,53,33.03437967115097
28,22,47.53363228699551
28,3,40.50822122571002
28,24,65.32137518684604
28,21,37.07025411061286
28,61,36.771300448430495
28,72,34.379671150971596
28,15,42.00298953662182
28,52,36.47234678624813
42,4,26.905829596412556
42,18,33.6322869955157
42,39,34.97757847533632
42,9,42.45142002989537
42,62,44.843049327354265
42,7,25.26158445440957
42,37,32.28699551569507
42,71,36.32286995515695
42,57,42.600896860986545
42,47,34.08071748878923
42,76,56.20328849028401
42,16,41.106128550074736
42,28,41.85351270553064
42,27,41.106128550074736
42,49,34.82810164424514
42,25,32.73542600896861
42,44,26.45739910313901
42,70,31.53961136023916
42,58,33.78176382660688
42,12,39.46188340807175
42,33,42.30194319880419
42,73,32.28699551569507
42,60,31.390134529147986
42,64,42.89985052316891
42,68,41.70403587443946
42,38,34.379671150971596
42,30,42.152466367713004
42,2,41.70403587443946
42,53,29.895366218236173
42,22,40.50822122571002
42,3,39.76083707025411
42,24,43.796711509716
42,21,34.23019431988042
42,61,34.52914798206278
42,72,30.94170403587444
42,15,96.71150971599403
42,52,32.884902840059794
27,4,30.343796711509718
27,18,34.08071748878923
27,39,34.52914798206278
27,9,48.729446935724965
27,62,47.384155455904335
27,7,28.251121076233183
27,37,35.42600896860987
27,71,37.66816143497758
27,57,47.53363228699551
27,47,35.874439461883405
27,76,40.35874439461883
27,16,50.224215246636774
27,28,48.729446935724965
27,42,41.106128550074736
27,49,34.67862481315397
27,25,34.23019431988042
27,44,25.85949177877429
27,70,34.52914798206278
27,58,33.482810164424514
27,12,41.4050822122571
27,33,47.98206278026906
27,73,36.173393124065775
27,60,33.931240657698055
27,64,50.82212257100149
27,68,49.92526158445441
27,38,35.276532137518686
27,30,50.074738415545596
27,2,50.672645739910315
27,53,32.884902840059794
27,22,70.4035874439462
27,3,42.152466367713004
27,24,50.97159940209267
27,21,34.379671150971596
27,61,36.173393124065775
27,72,33.78176382660688
27,15,41.554559043348284
27,52,34.379671150971596
49,4,27.50373692077728
49,18,74.14050822122572
49,39,80.86696562032884
49,9,35.276532137518686
49,62,38.11659192825112
49,7,25.26158445440957
49,37,63.82660687593423
49,71,29.14798206278027
49,57,35.276532137518686
49,47,63.52765321375187
49,76,33.931240657698055
49,16,38.714499252615845
49,28,38.11659192825112
49,42,34.82810164424514
49,27,34.67862481315397
49,25,70.10463378176382
49,44,65.32137518684604
49,70,30.642750373692078
49,58,72.34678624813155
49,12,34.379671150971596
49,33,38.11659192825112
49,73,63.07922272047832
49,60,29.596412556053814
49,64,38.86397608370702
49,68,38.714499252615845
49,38,72.49626307922273
49,30,38.714499252615845
49,2,39.01345291479821
49,53,29.895366218236173
49,22,35.42600896860987
49,3,32.884902840059794
49,24,38.714499252615845
49,21,69.95515695067265
49,61,59.79073243647235
49,72,31.53961136023916
49,15,35.42600896860987
49,52,66.81614349775785
25,4,27.802690582959645
25,18,71.74887892376681
25,39,69.05829596412556
25,9,35.276532137518686
25,62,37.96711509715994
25,7,25.56053811659193
25,37,62.03288490284006
25,71,29.74588938714499
25,57,35.57548579970104
25,47,63.97608370702541
25,76,33.78176382660688
25,16,37.219730941704036
25,28,36.771300448430495
25,42,32.73542600896861
25,27,34.23019431988042
25,49,70.10463378176382
25,44,64.42451420029896
25,70,30.94170403587444
25,58,71.44992526158445
25,12,32.73542600896861
25,33,35.42600896860987
25,73,62.92974588938714
25,60,30.04484304932735
25,64,36.32286995515695
25,68,36.92077727952167
25,38,71.44992526158445
25,30,36.32286995515695
25,2,36.62182361733931
25,53,30.194319880418536
25,22,34.379671150971596
25,3,32.436472346786246
25,24,36.92077727952167
25,21,67.41405082212258
25,61,58.29596412556054
25,72,31.09118086696562
25,15,33.78176382660688
25,52,66.66666666666666
44,4,21.225710014947683
44,18,86.39760837070254
44,39,64.12556053811659
44,9,27.95216741405082
44,62,29.446935724962632
44,7,20.92675635276532
44,37,56.80119581464873
44,71,27.95216741405082
44,57,28.101644245142005
44,47,56.20328849028401
44,76,27.204783258594915
44,16,27.50373692077728
44,28,28.101644245142005
44,42,26.45739910313901
44,27,25.85949177877429
44,49,65.32137518684604
44,25,64.42451420029896
44,70,23.019431988041852
44,58,87.4439461883408
44,12,25.710014947683106
44,33,26.606875934230196
44,73,55.30642750373692
44,60,22.869955156950674
44,64,27.204783258594915
44,68,27.65321375186846
44,38,65.91928251121077
44,30,27.3542600896861
44,2,27.50373692077728
44,53,22.27204783258595
44,22,26.606875934230196
44,3,23.766816143497756
44,24,27.204783258594915
44,21,65.91928251121077
44,61,51.42002989536621
44,72,24.06576980568012
44,15,27.3542600896861
44,52,61.285500747384155
70,4,27.50373692077728
70,18,29.74588938714499
70,39,31.2406576980568
70,9,32.884902840059794
70,62,33.18385650224215
70,7,25.710014947683106
70,37,30.94170403587444
70,71,26.45739910313901
70,57,32.436472346786246
70,47,31.53961136023916
70,76,30.194319880418536
70,16,35.57548579970104
70,28,34.52914798206278
70,42,31.53961136023916
70,27,34.52914798206278
70,49,30.642750373692078
70,25,30.94170403587444
70,44,23.019431988041852
70,58,30.642750373692078
70,12,30.642750373692078
70,33,34.67862481315397
70,73,30.94170403587444
70,60,90.5829596412556
70,64,34.82810164424514
70,68,35.42600896860987
70,38,31.390134529147986
70,30,35.42600896860987
70,2,35.276532137518686
70,53,71.898355754858
70,22,32.884902840059794
70,3,30.642750373692078
70,24,36.47234678624813
70,21,30.642750373692078
70,61,31.09118086696562
70,72,44.843049327354265
70,15,31.838565022421523
70,52,29.297458893871447
58,4,28.699551569506728
58,18,94.02092675635276
58,39,71.00149476831092
58,9,35.57548579970104
58,62,36.771300448430495
58,7,26.00896860986547
58,37,63.97608370702541
58,71,30.493273542600896
58,57,35.72496263079223
58,47,62.92974588938714
58,76,34.52914798206278
58,16,34.82810164424514
58,28,35.42600896860987
58,42,33.78176382660688
58,27,33.482810164424514
58,49,72.34678624813155
58,25,71.44992526158445
58,44,87.4439461883408
58,70,30.642750373692078
58,12,33.03437967115097
58,33,33.78176382660688
58,73,62.63079222720478
58,60,30.642750373692078
58,64,34.379671150971596
58,68,34.97757847533632
58,38,72.79521674140508
58,30,34.52914798206278
58,2,34.67862481315397
58,53,29.895366218236173
58,22,34.52914798206278
58,3,31.2406576980568
58,24,34.23019431988042
58,21,72.04783258594918
58,61,58.744394618834086
58,72,32.13751868460389
58,15,34.67862481315397
58,52,68.75934230194319
12,4,29.74588938714499
12,18,34.23019431988042
12,39,35.1270553064275
12,9,42.89985052316891
12,62,43.04932735426009
12,7,27.802690582959645
12,37,34.379671150971596
12,71,43.946188340807176
12,57,42.600896860986545
12,47,34.08071748878923
12,76,40.95665171898356
12,16,42.30194319880419
12,28,41.25560538116592
12,42,39.46188340807175
12,27,41.4050822122571
12,49,34.379671150971596
12,25,32.73542600896861
12,44,25.710014947683106
12,70,30.642750373692078
12,58,33.03437967115097
12,33,42.30194319880419
12,73,33.78176382660688
12,60,30.343796711509718
12,64,43.64723467862481
12,68,43.04932735426009
12,38,33.6322869955157
12,30,42.30194319880419
12,2,42.00298953662182
12,53,31.390134529147986
12,22,41.554559043348284
12,3,51.569506726457405
12,24,43.796711509716
12,21,32.28699551569507
12,61,34.23019431988042
12,72,29.74588938714499
12,15,39.91031390134529
12,52,31.988041853512705
33,4,30.343796711509718
33,18,34.379671150971596
33,39,37.219730941704036
33,9,47.6831091180867
33,62,48.13153961136024
33,7,28.550074738415542
33,37,35.874439461883405
33,71,38.86397608370702
33,57,47.23467862481316
33,47,37.369207772795214
33,76,40.50822122571002
33,16,69.80568011958147
33,28,60.53811659192825
33,42,42.30194319880419
33,27,47.98206278026906
33,49,38.11659192825112
33,25,35.42600896860987
33,44,26.606875934230196
33,70,34.67862481315397
33,58,33.78176382660688
33,12,42.30194319880419
33,73,35.57548579970104
33,60,34.23019431988042
33,64,71.44992526158445
33,68,70.85201793721974
33,38,36.47234678624813
33,30,71.30044843049326
33,2,71.30044843049326
33,53,34.52914798206278
33,22,49.775784753363226
33,3,42.45142002989537
33,24,68.31091180866966
33,21,33.931240657698055
33,61,38.2660687593423
33,72,33.6322869955157
33,15,42.00298953662182
33,52,35.276532137518686
73,4,23.766816143497756
73,18,63.07922272047832
73,39,62.18236173393124
73,9,35.57548579970104
73,62,35.1270553064275
73,7,21.37518684603886
73,37,83.40807174887892
73,71,31.2406576980568
73,57,35.42600896860987
73,47,84.90284005979073
73,76,34.97757847533632
73,16,37.369207772795214
73,28,35.276532137518686
73,42,32.28699551569507
73,27,36.173393124065775
73,49,63.07922272047832
73,25,62.92974588938714
73,44,55.30642750373692
73,70,30.94170403587444
73,58,62.63079222720478
73,12,33.78176382660688
73,33,35.57548579970104
73,60,30.493273542600896
73,64,36.771300448430495
73,68,37.369207772795214
73,38,65.6203288490284
73,30,36.92077727952167
73,2,36.92077727952167
73,53,28.400597907324364
73,22,34.97757847533632
73,3,33.03437967115097
73,24,36.62182361733931
73,21,61.58445440956651
73,61,75.48579970104635
73,72,30.343796711509718
73,15,33.78176382660688
73,52,62.78026905829597
60,4,28.101644245142005
60,18,30.194319880418536
60,39,30.343796711509718
60,9,33.03437967115097
60,62,32.884902840059794
60,7,26.15844544095665
60,37,30.04484304932735
60,71,27.204783258594915
60,57,32.585949177877424
60,47,30.493273542600896
60,76,30.04484304932735
60,16,34.67862481315397
60,28,34.23019431988042
60,42,31.390134529147986
60,27,33.931240657698055
60,49,29.596412556053814
60,25,30.04484304932735
60,44,22.869955156950674
60,70,90.5829596412556
60,58,30.642750373692078
60,12,30.343796711509718
60,33,34.23019431988042
60,73,30.493273542600896
60,64,34.23019431988042
60,68,35.276532137518686
60,38,31.09118086696562
60,30,34.97757847533632
60,2,35.1270553064275
60,53,70.10463378176382
60,22,32.884902840059794
60,3,30.792227204783256
60,24,35.57548579970104
60,21,30.343796711509718
60,61,30.493273542600896
60,72,44.39461883408072
60,15,31.689088191330345
60,52,29.596412556053814
64,4,31.2406576980568
64,18,34.97757847533632
64,39,37.66816143497758
64,9,46.93572496263079
64,62,47.832585949177876
64,7,29.297458893871447
64,37,36.771300448430495
64,71,39.46188340807175
64,57,46.78624813153961
64,47,38.11659192825112
64,76,40.35874439461883
64,16,82.95964125560538
64,28,65.17189835575485
64,42,42.89985052316891
64,27,50.82212257100149
64,49,38.86397608370702
64,25,36.32286995515695
64,44,27.204783258594915
64,70,34.82810164424514
64,58,34.379671150971596
64,12,43.64723467862481
64,33,71.44992526158445
64,73,36.771300448430495
64,60,34.23019431988042
64,68,80.86696562032884
64,38,37.369207772795214
64,30,82.51121076233184
64,2,81.31539611360239
64,53,34.23019431988042
64,22,50.37369207772795
64,3,43.34828101644245
64,24,85.05231689088191
64,21,35.42600896860987
64,61,38.56502242152467
64,72,34.67862481315397
64,15,43.19880418535127
64,52,36.173393124065775
68,4,30.493273542600896
68,18,35.42600896860987
68,39,38.11659192825112
68,9,46.93572496263079
68,62,48.57997010463378
68,7,28.550074738415542
68,37,37.369207772795214
68,71,38.86397608370702
68,57,46.18834080717489
68,47,37.81763826606876
68,76,40.35874439461883
68,16,84.00597907324364
68,28,64.12556053811659
68,42,41.70403587443946
68,27,49.92526158445441
68,49,38.714499252615845
68,25,36.92077727952167
68,44,27.65321375186846
68,70,35.42600896860987
68,58,34.97757847533632
68,12,43.04932735426009
68,33,70.85201793721974
68,73,37.369207772795214
68,60,35.276532137518686
68,64,80.86696562032884
68,38,36.771300448430495
68,30,93.12406576980567
68,2,94.02092675635276
68,53,35.42600896860987
68,22,49.47683109118087
68,3,41.85351270553064
68,24,79.82062780269058
68,21,35.57548579970104
68,61,38.2660687593423
68,72,34.67862481315397
68,15,42.00298953662182
68,52,34.97757847533632
38,4,26.756352765321374
38,18,73.99103139013454
38,39,70.85201793721974
38,9,37.07025411061286
38,62,37.5186846038864
38,7,24.2152466367713
38,37,65.6203288490284
38,71,30.792227204783256
38,57,36.92077727952167
38,47,65.76980568011959
38,76,34.52914798206278
38,16,37.07025411061286
38,28,37.81763826606876
38,42,34.379671150971596
38,27,35.276532137518686
38,49,72.49626307922273
38,25,71.44992526158445
38,44,65.91928251121077
38,70,31.390134529147986
38,58,72.79521674140508
38,12,33.6322869955157
38,33,36.47234678624813
38,73,65.6203288490284
38,60,31.09118086696562
38,64,37.369207772795214
38,68,36.771300448430495
38,30,36.92077727952167
38,2,37.07025411061286
38,53,30.04484304932735
38,22,36.62182361733931
38,3,32.73542600896861
38,24,37.07025411061286
38,21,72.94469357249626
38,61,60.98654708520179
38,72,32.436472346786246
38,15,35.276532137518686
38,52,67.86248131539611
30,4,30.642750373692078
30,18,35.1270553064275
30,39,37.96711509715994
30,9,46.93572496263079
30,62,48.13153961136024
30,7,28.699551569506728
30,37,37.219730941704036
30,71,39.162929745889386
30,57,46.038863976083704
30,47,38.2660687593423
30,76,40.35874439461883
30,16,85.79970104633782
30,28,63.67713004484305
30,42,42.152466367713004
30,27,50.074738415545596
30,49,38.714499252615845
30,25,36.32286995515695
30,44,27.3542600896861
30,70,35.42600896860987
30,58,34.52914798206278
30,12,42.30194319880419
30,33,71.30044843049326
30,73,36.92077727952167
30,60,34.97757847533632
30,64,82.51121076233184
30,68,93.12406576980567
30,38,36.92077727952167
30,2,95.81464872944694
30,53,34.82810164424514
30,22,49.62630792227205
30,3,41.554559043348284
30,24,80.86696562032884
30,21,35.42600896860987
30,61,38.2660687593423
30,72,34.82810164424514
30,15,42.600896860986545
30,52,34.97757847533632
2,4,30.642750373692078
2,18,35.276532137518686
2,39,38.11659192825112
2,9,47.384155455904335
2,62,48.4304932735426
2,7,28.699551569506728
2,37,36.92077727952167
2,71,39.162929745889386
2,57,46.48729446935725
2,47,37.81763826606876
2,76,40.059790732436475
2,16,85.35127055306427
2,28,63.82660687593423
2,42,41.70403587443946
2,27,50.672645739910315
2,49,39.01345291479821
2,25,36.62182361733931
2,44,27.50373692077728
2,70,35.276532137518686
2,58,34.67862481315397
2,12,42.00298953662182
2,33,71.30044843049326
2,73,36.92077727952167
2,60,35.1270553064275
2,64,81.31539611360239
2,68,94.02092675635276
2,38,37.07025411061286
2,30,95.81464872944694
2,53,34.97757847533632
2,22,49.62630792227205
2,3,41.85351270553064
2,24,80.11958146487295
2,21,35.57548579970104
2,61,37.96711509715994
2,72,34.82810164424514
2,15,42.152466367713004
2,52,35.42600896860987
53,4,28.400597907324364
53,18,29.596412556053814
53,39,30.642750373692078
53,9,32.28699551569507
53,62,32.884902840059794
53,7,26.00896860986547
53,37,30.04484304932735
53,71,25.710014947683106
53,57,32.436472346786246
53,47,29.895366218236173
53,76,29.297458893871447
53,16,34.379671150971596
53,28,33.03437967115097
53,42,29.895366218236173
53,27,32.884902840059794
53,49,29.895366218236173
53,25,30.194319880418536
53,44,22.27204783258595
53,70,71.898355754858
53,58,29.895366218236173
53,12,31.390134529147986
53,33,34.52914798206278
53,73,28.400597907324364
53,60,70.10463378176382
53,64,34.23019431988042
53,68,35.42600896860987
53,38,30.04484304932735
53,30,34.82810164424514
53,2,34.97757847533632
53,22,31.838565022421523
53,3,31.838565022421523
53,24,35.874439461883405
53,21,27.65321375186846
53,61,28.84902840059791
53,72,41.85351270553064
53,15,30.194319880418536
53,52,29.596412556053814
22,4,27.95216741405082
22,18,35.276532137518686
22,39,35.42600896860987
22,9,48.13153961136024
22,62,46.63677130044843
22,7,26.00896860986547
22,37,35.72496263079223
22,71,38.56502242152467
22,57,47.08520179372198
22,47,34.97757847533632
22,76,40.80717488789238
22,16,48.729446935724965
22,28,47.53363228699551
22,42,40.50822122571002
22,27,70.4035874439462
22,49,35.42600896860987
22,25,34.379671150971596
22,44,26.606875934230196
22,70,32.884902840059794
22,58,34.52914798206278
22,12,41.554559043348284
22,33,49.775784753363226
22,73,34.97757847533632
22,60,32.884902840059794
22,64,50.37369207772795
22,68,49.47683109118087
22,38,36.62182361733931
22,30,49.62630792227205
22,2,49.62630792227205
22,53,31.838565022421523
22,3,42.45142002989537
22,24,49.92526158445441
22,21,34.97757847533632
22,61,36.92077727952167
22,72,34.08071748878923
22,15,40.80717488789238
22,52,34.97757847533632
3,4,27.05530642750374
3,18,32.13751868460389
3,39,33.03437967115097
3,9,42.152466367713004
3,62,42.00298953662182
3,7,25.112107623318387
3,37,33.18385650224215
3,71,41.70403587443946
3,57,41.4050822122571
3,47,33.33333333333333
3,76,39.162929745889386
3,16,42.45142002989537
3,28,40.50822122571002
3,42,39.76083707025411
3,27,42.152466367713004
3,49,32.884902840059794
3,25,32.436472346786246
3,44,23.766816143497756
3,70,30.642750373692078
3,58,31.2406576980568
3,12,51.569506726457405
3,33,42.45142002989537
3,73,33.03437967115097
3,60,30.792227204783256
3,64,43.34828101644245
3,68,41.85351270553064
3,38,32.73542600896861
3,30,41.554559043348284
3,2,41.85351270553064
3,53,31.838565022421523
3,22,42.45142002989537
3,24,44.24514200298953
3,21,31.09118086696562
3,61,34.82810164424514
3,72,31.09118086696562
3,15,40.059790732436475
3,52,30.792227204783256
24,4,30.94170403587444
24,18,35.1270553064275
24,39,37.369207772795214
24,9,47.08520179372198
24,62,47.08520179372198
24,7,29.14798206278027
24,37,36.771300448430495
24,71,39.31240657698057
24,57,47.08520179372198
24,47,37.96711509715994
24,76,41.4050822122571
24,16,79.82062780269058
24,28,65.32137518684604
24,42,43.796711509716
24,27,50.97159940209267
24,49,38.714499252615845
24,25,36.92077727952167
24,44,27.204783258594915
24,70,36.47234678624813
24,58,34.23019431988042
24,12,43.796711509716
24,33,68.31091180866966
24,73,36.62182361733931
24,60,35.57548579970104
24,64,85.05231689088191
24,68,79.82062780269058
24,38,37.07025411061286
24,30,80.86696562032884
24,2,80.11958146487295
24,53,35.874439461883405
24,22,49.92526158445441
24,3,44.24514200298953
24,21,35.874439461883405
24,61,38.11659192825112
24,72,35.57548579970104
24,15,44.39461883408072
24,52,36.173393124065775
21,4,25.85949177877429
21,18,73.24364723467862
21,39,69.80568011958147
21,9,35.42600896860987
21,62,36.62182361733931
21,7,25.112107623318387
21,37,61.88340807174888
21,71,30.194319880418536
21,57,34.97757847533632
21,47,61.285500747384155
21,76,34.08071748878923
21,16,35.276532137518686
21,28,37.07025411061286
21,42,34.23019431988042
21,27,34.379671150971596
21,49,69.95515695067265
21,25,67.41405082212258
21,44,65.91928251121077
21,70,30.642750373692078
21,58,72.04783258594918
21,12,32.28699551569507
21,33,33.931240657698055
21,73,61.58445440956651
21,60,30.343796711509718
21,64,35.42600896860987
21,68,35.57548579970104
21,38,72.94469357249626
21,30,35.42600896860987
21,2,35.57548579970104
21,53,27.65321375186846
21,22,34.97757847533632
21,3,31.09118086696562
21,24,35.874439461883405
21,61,57.548579970104626
21,72,30.792227204783256
21,15,35.1270553064275
21,52,65.91928251121077
61,4,26.606875934230196
61,18,58.744394618834086
61,39,59.04334828101644
61,9,36.771300448430495
61,62,36.92077727952167
61,7,24.51420029895366
61,37,72.6457399103139
61,71,31.53961136023916
61,57,36.62182361733931
61,47,76.98056801195816
61,76,35.42600896860987
61,16,37.66816143497758
61,28,36.771300448430495
61,42,34.52914798206278
61,27,36.173393124065775
61,49,59.79073243647235
61,25,58.29596412556054
61,44,51.42002989536621
61,70,31.09118086696562
61,58,58.744394618834086
61,12,34.23019431988042
61,33,38.2660687593423
61,73,75.48579970104635
61,60,30.493273542600896
61,64,38.56502242152467
61,68,38.2660687593423
61,38,60.98654708520179
61,30,38.2660687593423
61,2,37.96711509715994
61,53,28.84902840059791
61,22,36.92077727952167
61,3,34.82810164424514
61,24,38.11659192825112
61,21,57.548579970104626
61,72,32.28699551569507
61,15,35.42600896860987
61,52,59.04334828101644
72,4,27.204783258594915
72,18,31.988041853512705
72,39,32.73542600896861
72,9,33.33333333333333
72,62,34.08071748878923
72,7,24.962630792227205
72,37,31.09118086696562
72,71,26.905829596412556
72,57,33.18385650224215
72,47,31.2406576980568
72,76,31.09118086696562
72,16,34.23019431988042
72,28,34.379671150971596
72,42,30.94170403587444
72,27,33.78176382660688
72,49,31.53961136023916
72,25,31.09118086696562
72,44,24.06576980568012
72,70,44.843049327354265
72,58,32.13751868460389
72,12,29.74588938714499
72,33,33.6322869955157
72,73,30.343796711509718
72,60,44.39461883408072
72,64,34.67862481315397
72,68,34.67862481315397
72,38,32.436472346786246
72,30,34.82810164424514
72,2,34.82810164424514
72,53,41.85351270553064
72,22,34.08071748878923
72,3,31.09118086696562
72,24,35.57548579970104
72,21,30.792227204783256
72,61,32.28699551569507
72,15,31.2406576980568
72,52,31.53961136023916
15,4,27.204783258594915
15,18,34.52914798206278
15,39,35.72496263079223
15,9,42.89985052316891
15,62,44.843049327354265
15,7,25.56053811659193
15,37,33.78176382660688
15,71,36.62182361733931
15,57,42.89985052316891
15,47,35.42600896860987
15,76,56.65171898355755
15,16,41.4050822122571
15,28,42.00298953662182
15,42,96.71150971599403
15,27,41.554559043348284
15,49,35.42600896860987
15,25,33.78176382660688
15,44,27.3542600896861
15,70,31.838565022421523
15,58,34.67862481315397
15,12,39.91031390134529
15,33,42.00298953662182
15,73,33.78176382660688
15,60,31.689088191330345
15,64,43.19880418535127
15,68,42.00298953662182
15,38,35.276532137518686
15,30,42.600896860986545
15,2,42.152466367713004
15,53,30.194319880418536
15,22,40.80717488789238
15,3,40.059790732436475
15,24,44.39461883408072
15,21,35.1270553064275
15,61,35.42600896860987
15,72,31.2406576980568
15,52,33.931240657698055
52,4,27.95216741405082
52,18,68.60986547085201
52,39,66.06875934230195
52,9,34.82810164424514
52,62,35.72496263079223
52,7,25.56053811659193
52,37,62.18236173393124
52,71,29.74588938714499
52,57,34.97757847533632
52,47,62.63079222720478
52,76,34.52914798206278
52,16,36.173393124065775
52,28,36.47234678624813
52,42,32.884902840059794
52,27,34.379671150971596
52,49,66.81614349775785
52,25,66.66666666666666
52,44,61.285500747384155
52,70,29.297458893871447
52,58,68.75934230194319
52,12,31.988041853512705
52,33,35.276532137518686
52,73,62.78026905829597
52,60,29.596412556053814
52,64,36.173393124065775
52,68,34.97757847533632
52,38,67.86248131539611
52,30,34.97757847533632
52,2,35.42600896860987
52,53,29.596412556053814
52,22,34.97757847533632
52,3,30.792227204783256
52,24,36.173393124065775
52,21,65.91928251121077
52,61,59.04334828101644
52,72,31.53961136023916
52,15,33.931240657698055
